6 345
1.11693355445 2 42 26 23 17 4 87
1.02889011825 2 51 41 22 48 2 89
0.577026004012 1 55 20 20 16 3 90
0.833625577087 2 59 37 27 34 2 87
1.15125205897 2 80 24 25 17 4 88
1.05881730242 1 52 13 24 15 0.5 89
0.873091360447 2 68 20 22 9 4 82
0.968470587143 2 69 22 26 11 0.5 87
1.07161828581 1 63 22 27 10 4 89
1.96195239169 2 47 33 26 29 2 88
0.724419921255 1 66 20 21 10 0.5 88
0.836368364255 1 48 20 20 6 3 86
1.83443207508 1 77 32 18 29 0.5 93
1.06566808664 1 41 37 22 37 10 92
0.611504392063 2 72 28 19 30 2 96
0.640095048413 2 65 25 14 18 0.5 85
0.910332697256 1 73 34 21 22 2 90
0.661865514601 2 40 19 20 21 4 92
1.60333336877 1 62 37 21 36 6 92
1.11478877399 2 78 47 39 107 5 86
0.995577169853 1 69 24 18 31 0.5 78
1.63912805567 2 65 17 25 9 2 92
1.01249404212 1 62 64 42 76 6 95
1.3471992473 2 93 21 20 68 6 97
1.59707874053 2 73 24 21 48 4 92
0.654061759106 2 45 19 21 13 4 83
0.463653229133 1 35 27 29 17 4 89
0.787397582388 2 68 14 20 19 4 91
0.750501866312 1 79 70 32 84 7 92
1.85088946686 2 42 14 21 49 5 99
1.30452694243 1 66 27 22 9 2 87
1.0846848685 2 49 20 22 19 0.5 88
1.20207135296 2 45 33 34 27 0.5 90
1.60553842463 2 79 18 15 24 0.5 90
1.40050694478 2 109 16 22 28 6 86
1.08829084779 2 59 23 18 19 4 95
0.886332305367 2 43 35 23 69 6 98
0.804613479708 1 68 27 26 14 16 91
0.824062761411 1 69 45 32 30 3 99
1.1621398883 2 62 15 13 22 0.5 85
1.05652353626 1 77 55 35 89 15 98
1.32371281815 2 65 26 18 36 3 89
1.37418825092 2 72 31 20 84 3 82
1.24330507141 2 93 29 27 31 4 88
1.59322897111 2 86 28 23 21 4 87
0.657505555054 1 80 10 26 20 6 92
1.00843159466 2 84 18 14 16 0.5 86
0.892957043457 2 91 30 26 25 2 94
1.50819210129 1 101 27 34 14 0.5 89
0.812846320675 2 75 24 22 11 0.5 91
1.04147021868 2 72 33 27 55 4 89
1.94474346552 1 119 30 26 17 0.5 85
1.0410551211 1 94 26 18 8 0.5 88
1.44037783 2 56 52 43 55 10 87
0.928130993763 1 82 43 32 38 2 84
0.731897191043 1 77 39 37 108 16 93
2.02867987826 2 52 22 23 34 4 85
1.51636087629 2 56 14 16 10 0.5 92
1.09497421333 2 99 36 34 48 6 93
0.855971411775 2 70 21 26 21 4 96
0.999383053624 2 71 25 26 31 5 94
0.862936488808 2 85 25 26 30 0.5 85
0.930868843644 1 67 15 14 14 6 92
0.933615382746 2 59 17 20 14 8 93
0.64065237658 2 74 27 25 43 6 96
1.26185152802 1 92 45 27 31 0 85
0.705665027964 1 67 23 15 12 0.5 92
0.517866611857 2 85 14 15 10 2 88
0.973753309774 1 66 21 16 33 5 92
0.658857789247 2 63 12 26 21 6 90
0.526050302887 2 87 15 23 11 10 87
0.865070969602 1 54 41 29 23 6 87
0.747658473452 2 65 23 29 15 0.5 85
1.06767805208 1 83 81 34 201 20 94
1.02213779468 1 69 70 24 64 2 88
1.29731378245 1 78 20 31 18 0.5 91
0.841336234829 2 61 32 37 53 3 81
0.729772815946 1 85 25 20 12 0.5 92
1.05592876104 1 41 33 27 34 1 81
0.605930930368 1 96 28 21 40 0.5 88
0.967181316693 1 68 24 18 19 6 93
1.30023131837 1 51 23 17 27 3 90
0.912261447233 2 54 26 30 13 0.5 86
1.97644834065 2 47 35 26 33 3 88
0.999318313989 2 57 13 20 13 0.5 86
1.24224058809 2 134 14 20 14 4 90
1.19592226514 1 62 20 23 20 6 92
0.683541512685 2 70 12 28 10 0 87
1.08672336076 1 74 31 25 15 0.5 88
0.955796483231 1 58 33 21 28 2 98
0.756853703339 1 77 30 14 21 0.5 95
1.17343734579 2 63 45 24 85 1 90
1.15943819282 1 96 35 22 135 0.5 91
1.28570070945 1 68 27 21 26 3 88
1.02754879677 1 59 35 13 19 0.5 92
1.09183672657 2 58 16 23 23 0.5 86
0.585789748066 2 90 15 17 25 4 89
1.06533881452 1 67 29 20 11 0.5 96
1.59250639114 2 64 59 32 23 0 85
1.03755274157 1 82 33 32 18 0.5 89
0.970298303149 1 50 13 14 15 6 95
1.19108674557 2 101 34 30 64 2 92
1.2862698228 2 73 20 25 225 8 95
1.18440930163 1 93 22 28 123 9 92
0.719083460689 2 99 42 33 16 2 91
1.87535085096 2 87 57 25 44 6 92
1.37996247585 2 78 52 29 62 0.5 86
0.89703493392 2 82 27 24 37 6 92
0.766695747717 2 74 87 50 67 6 91
0.763503714068 2 68 17 20 71 0.5 83
0.959513215305 1 63 29 23 57 2 90
1.10715233718 1 62 42 30 20 3 89
0.912590122169 2 68 26 39 42 0.5 89
0.824738069154 1 63 26 18 18 5 93
1.45916790732 1 80 37 23 27 4 91
0.947137311834 1 80 19 14 42 2 90
1.37203304696 1 107 20 20 56 0.5 91
0.937870177697 2 65 18 21 22 0.5 101
1.22714124242 2 92 68 37 44 0.5 84
0.709765885267 1 62 22 21 21 8 90
1.12830774455 2 45 20 16 12 5 94
0.649415992371 2 67 10 16 16 4 90
0.952397994046 2 50 18 25 17 6 93
0.881870721084 2 63 24 20 38 0.5 89
0.881614721089 2 60 29 23 76 6 100
1.70105532019 1 62 17 13 5 0.5 97
1.21183064111 2 57 64 36 90 0.5 92
1.17852556799 2 58 21 18 26 2 94
1.13146984252 2 39 14 19 9 0.5 79
1.37968308696 1 82 23 14 35 0.5 89
0.832058166077 2 78 34 24 36 0 91
0.894887054522 2 37 9 15 16 6 88
1.25005215146 1 54 22 20 7 0.5 92
0.766000333122 2 64 21 17 26 3 91
0.791766585774 1 57 33 23 12 8 91
1.15960642923 1 70 24 13 26 0.5 92
0.857530319784 1 79 17 17 16 0.5 89
0.545852254364 2 78 27 25 30 2 95
1.14655979096 2 57 30 30 22 0.5 87
0.666251611938 2 75 26 26 24 3 92
1.08325482637 1 60 25 19 5 0.5 90
1.39750304492 1 101 31 26 32 6 98
0.733681239846 2 58 14 16 13 0.5 92
0.485532038854 2 82 34 78 203 7 102
1.40027448124 1 80 21 19 14 1 91
1.15956875355 1 95 25 19 14 4 88
1.10385799583 1 83 20 25 7 3 84
0.835299689478 1 79 22 20 11 3 92
0.639759095061 1 66 103 57 114 6 98
1.42836499669 1 105 40 26 56 0.5 91
1.73320067993 2 45 11 14 21 4 93
0.978319392341 1 76 37 19 50 6 90
0.659699814134 2 69 25 25 66 8 91
0.970139957012 2 109 26 25 27 2 89
0.831292687711 1 71 33 20 22 2 87
1.23444557516 2 58 18 24 16 0.5 85
0.483237351019 2 57 20 26 33 6 90
0.788560700965 2 62 29 21 26 4 86
1.30475334725 2 58 83 49 51 3 85
2.12584728597 1 77 25 19 18 0.5 86
1.11109765532 2 76 22 55 9 4 87
1.07371844406 2 122 35 29 42 0.5 88
0.930793694269 1 44 24 15 18 2 86
1.02814168773 2 58 36 27 59 0.5 86
1.13252133572 2 50 26 22 53 8 90
0.671057794927 2 57 9 15 16 2 88
0.761256586022 2 63 24 24 24 0.5 90
1.04080341561 2 66 22 24 26 10 86
0.60760125349 2 57 31 18 37 4 90
0.733018721662 2 55 48 39 42 4 96
1.60090428889 1 80 47 33 97 0.5 84
0.86052375652 1 54 20 21 16 2 86
0.965289800193 1 67 21 11 11 0.5 88
1.10389119057 2 78 31 19 115 1 83
0.687838668952 1 64 61 32 13 0.5 90
1.01052834739 2 52 10 17 12 5 90
0.961551438334 2 75 37 19 70 2 87
1.04607574038 2 107 29 20 50 4 88
0.702328879939 2 55 28 28 82 4 91
1.08563018255 1 62 20 17 9 0.5 88
1.6699868188 1 47 28 15 18 0.5 90
0.890827411764 2 55 18 23 44 8 82
1.05732187281 1 79 37 28 14 0.5 86
0.886524323817 1 53 51 33 92 6 92
1.04665795973 2 92 21 22 37 1 87
0.987826296972 2 74 19 14 22 4 90
1.08928785272 1 70 70 26 36 6 96
0.770000527392 1 52 76 32 24 8 91
0.749896914334 2 72 155 68 82 0.5 91
1.16150742888 2 63 19 20 14 0.5 65
1.07156275097 1 54 25 22 35 4 91
0.918170641527 1 67 23 16 10 0.5 89
0.578906927534 1 66 23 12 15 3 88
0.8858397548 2 101 17 27 23 4 79
0.965550123621 1 79 17 8 9 0.5 85
1.03528447392 2 64 16 20 24 5 87
1.26234734473 2 50 27 25 53 4 98
1.1638432061 1 58 31 17 17 2 88
0.70301128956 2 74 148 75 159 0.5 98
1.16739933242 1 63 25 26 15 6 91
1.61004817232 2 89 23 18 104 3 89
1.50762323711 2 56 30 18 27 0.5 94
1.86410548225 2 56 38 26 23 5 96
1.09653311206 2 72 17 19 19 6 90
0.78198000565 1 91 27 20 15 0.5 94
1.40415647066 2 93 21 27 47 6 95
1.10475320071 1 77 26 20 19 1 89
1.33414069194 2 50 12 18 14 7 85
1.11931389103 1 67 32 26 13 1 91
1.39022663696 2 76 14 21 24 4 89
1.22362242685 1 94 18 17 6 8 92
0.811267006045 2 70 17 19 23 4 83
0.990438860606 2 52 15 22 11 0.5 91
0.554993076074 1 107 34 21 27 0.5 88
0.825492154527 1 65 17 5 7 4 91
0.77739839675 2 48 11 23 43 0.5 94
0.889420830713 1 87 18 17 26 2 93
1.32413529908 2 63 17 17 46 4 91
1.33825281371 1 36 38 19 15 6 95
1.3694015627 2 82 21 21 19 0.5 84
1.2573396235 2 46 29 22 18 0.5 88
1.38586516716 2 58 21 18 26 2 94
1.14428829374 1 138 45 21 48 10 91
1.10622568217 1 80 10 26 20 6 92
1.32357307004 2 43 154 82 121 4 94
2.5737345511 2 58 20 23 18 2 93
1.73774484759 2 74 19 23 16 0.5 89
0.378439066796 2 46 30 24 39 7 91
0.72550640534 1 65 38 27 17 3 94
0.740433621585 2 73 33 34 115 5 92
1.33424723013 1 84 18 23 13 4 90
0.856260852246 1 60 23 15 19 1 92
1.03125314762 2 55 19 17 14 6 88
0.492820731333 1 71 32 19 27 1 87
1.00025598645 2 92 22 28 49 12 97
0.999407596235 1 84 11 12 10 0.5 91
1.15846367812 2 88 28 25 35 0.5 84
0.907364438753 2 57 15 16 16 4 91
0.945933050715 2 59 17 19 11 5 99
1.01667550799 1 102 17 13 19 0.5 91
0.690007427917 1 63 25 26 15 6 91
1.32735595712 2 86 52 47 52 4 91
1.31976078516 2 48 32 22 14 4 89
1.08239259721 1 66 28 24 21 2 86
1.35521162995 1 62 17 17 15 0.5 82
0.665380456416 1 65 22 18 11 0.5 94
1.21626735299 2 83 25 24 28 8 100
0.922166884241 2 90 43 28 156 2 87
0.746499313296 2 69 53 43 203 12 96
0.905052042497 1 60 32 14 8 1 91
1.50147346593 2 65 25 20 31 0.5 92
1.11561857076 2 56 25 21 33 0.5 93
1.34234415447 2 91 56 35 126 9 88
0.971085735517 2 60 30 27 297 2 92
0.621494540896 2 57 21 23 22 5 92
1.79775756973 2 60 17 21 14 4 85
0.574127244941 2 74 38 28 48 0.5 82
0.51561491947 2 81 41 27 36 0.5 88
1.43165436721 2 102 47 23 37 5 93
1.28735591382 2 56 67 38 92 6 82
1.3247019613 1 75 26 24 41 12 99
1.04406621196 1 70 19 19 22 0.5 91
0.970498457024 1 65 28 22 10 1 93
1.19903956602 2 64 12 17 14 0.5 90
1.06124917614 2 95 85 48 200 8 92
0.641824020397 2 80 50 64 55 10 95
0.581716897204 2 96 34 49 169 4 90
1.02736586095 2 49 27 21 29 4 93
0.935364853807 1 67 35 19 35 2 90
0.985088849209 1 93 58 35 120 7 92
1.10883988592 2 80 17 20 53 8 97
1.53715612027 2 52 21 19 30 0.5 87
0.866651763612 2 59 15 19 12 5 87
1.00028385201 1 23 35 20 20 0.5 93
0.787109240292 2 55 9 25 16 2 91
1.2783800515 1 54 27 15 12 0.5 83
0.908337205461 1 71 29 22 52 8 97
0.704959919255 2 67 26 26 36 0.5 96
1.41326785308 1 67 77 39 114 8 90
1.25362823462 2 123 20 25 23 10 86
0.661933689258 1 43 11 16 54 6 93
0.805284177689 1 77 86 41 31 10 92
1.13684749123 2 67 5 17 14 1 89
1.03785969932 1 73 24 23 11 0.5 90
1.17510187857 2 44 113 45 150 5 97
0.773896924846 2 61 19 21 13 0.5 88
1.14980086118 1 68 18 19 19 0.5 96
1.14887442026 2 75 20 25 38 0.5 94
1.60376937993 1 99 33 19 26 8 84
1.0642631567 1 48 27 15 12 0.5 82
0.914852595482 1 60 23 27 5 0.5 90
0.882289716496 1 94 43 43 82 6 97
1.31814847233 1 55 36 19 25 8 87
0.964112391022 2 45 19 13 16 4 87
1.0783313809 2 73 46 32 39 4 84
1.24207998625 2 72 14 15 18 0.5 90
0.87998266478 2 55 29 35 108 4 86
1.15775728568 2 63 16 21 14 1 90
0.7861638121 1 123 28 24 31 8 98
1.10157137918 2 62 24 23 14 1 95
1.13641803632 2 46 15 33 55 4 88
0.700605943893 1 109 33 15 18 4 91
1.33101474679 1 79 28 16 17 0.5 86
0.868497357761 2 44 21 11 15 5 86
0.762762670153 1 71 12 22 11 3 91
1.38853959761 1 61 28 29 31 2 90
1.88194242143 1 70 46 30 33 8 93
1.19094902167 1 57 31 23 42 0.5 91
0.915066545274 2 84 58 47 62 7 93
1.19420315404 1 99 57 45 65 20 98
1.19345729293 1 60 26 22 28 6 95
0.894405817886 2 44 18 18 23 2 91
1.72077401356 1 71 29 22 52 8 97
0.783111366257 2 62 59 47 60 8 91
1.31475993303 2 117 77 56 52 4 94
0.902458107883 2 54 47 33 22 0.5 85
0.867593336547 2 54 33 16 54 0 86
0.871206214617 2 57 31 34 73 10 98
0.847816387536 1 116 11 33 11 0.5 94
0.720878228943 2 93 35 34 37 10 91
1.09164353034 2 75 19 30 13 1 103
1.51204161588 2 63 24 29 29 6 89
0.974709331748 2 59 41 30 48 1 93
0.922736983518 2 67 11 15 8 4 86
0.862069375013 1 115 17 27 7 0.5 89
1.38270473409 2 108 53 33 94 12 92
1.49059513656 1 87 19 25 19 0.5 90
1.34358116184 2 101 18 25 13 0.5 89
1.51873648592 2 51 26 24 23 1 85
0.759070894463 2 70 25 23 112 5 90
0.748733972069 2 101 41 20 53 0.5 94
0.775198947497 2 55 13 17 17 0 98
0.720197266315 1 41 31 19 16 0.5 87
1.52923082305 2 61 18 13 81 3 92
1.1827653549 2 64 24 22 11 0.5 85
0.960791357175 2 76 31 28 41 6 92
0.806075597541 2 55 4 8 13 0.5 91
2.38042184696 1 44 42 23 73 8 96
0.643012165048 2 40 29 25 38 0.5 83
1.6329147112 1 75 25 21 14 0 87
1.19179456434 2 59 25 20 25 3 85
1.12743883374 2 50 29 25 50 0.5 95
1.07018256162 2 97 41 20 32 0 84
1.16466936645 1 86 58 42 203 6 99
0.545319728835 1 56 23 18 12 0 88
